DB00014	3973	2798
DB00115	4548	4552	166785	25974	4524
DB00179	240	6462
DB00200	4548	166785	6947	81693	8029	25974
DB00255	2099	2104	2100	2101	2103	10499	8856	367	6462
DB00257	3783	8856	338442
DB00279	7067	7068	5111
DB00282	2224	9453	836	842
DB00290	3978	3980
DB00293	7298	2356
DB00351	5241	2908
DB00357	1588	1583
DB00380	7153	7155
DB00396	5241	2099	4306	1586	4986	5004	2908	367	6462	2100
DB00399	2224	9453
DB00428	6514	10724
DB00441	6240	7298	51727
DB00451	7067	7068	3685	3690
DB00470	1268	1269
DB00481	2099	2100	5272	7031
DB00486	1269	1268
DB00515	4350	2	7018	475
DB00530	1956	8856
DB00539	2099	6462
DB00541	203068	7277
DB00563	1719	7298	471
DB00569	462	2159
DB00570	7846	203068	51174	7283	51175	3725
DB00575	150	151	152	148	147	146
DB00619	613	3815	4914	1436	5156	780	25	5159
DB00642	7298	471	1719	2618
DB00644	2798	114814
DB00675	2099	2100	10682	5578	5579	5580	5581	5582	5584	5588	5590	367	3757	8856	2104	6462	5599
DB00692	150	148	147	146
DB00720	291	292	293
DB00762	7150	116447
DB00773	7153	7155
DB00783	2099	2100	8856	1137	2852	4508	8678
DB00813	4988	4985	4986	5243
DB00848	1136	251
DB00898	2554	116443	2741	2742	782	3359	2555	57053	775	2558	2557	2556	2890	786	1135	2559	2891	2893	2892	1137	1141	3760	3763	7412	2030	3762	1139	55584	2560	2562	2561	779	776	1143	1136	1138	8973	1142	2565	2567	2564	2568	55879	2563	3177	285242	9177	200909	170572	10369	3765	3897
DB00904	3359	3360	4988	3350	3351
DB00970	7153	7155
DB00997	7153	9221
DB01030	7150	116447
DB01050	5743	5742	596	7056	2169	5468	1080	5465	2811	6278
DB01065	4543	4544	2099	6096	801	4353	8288	811	438	4835
DB01168	4128	4129
DB01185	367	2099	2908	3291
DB01229	81027	596	4134	4133	4137	8856
DB01231	1128	1131	1129
DB01248	81027	596	4133	4134	4137	8856
DB01259	1956	2064
DB01268	5159	2321	3815	3791	2324	2322	1436	5156
DB01583	7067	7068
DB04866	1277	4313
DB05389	10296	9332
DB06202	2099	2100	1269
DB06249	2099	2100
DB06589	2321	3791	2324	5156	5159	3815	2261	3702	2246	10019
DB06595	5578	3791	3815	5156	5159	2322
DB06626	2321	3791	2324
DB06710	367	2099
DB06713	5241	213	367
DB06772	7277	81027
DB08865	238	4233
DB08871	596	81027
DB08875	4233	3791	5979
DB08896	2321	3791	2324	3815	5156	5159	2260	2263	7010	4921	4914	1969	5894	673	5600	2444	25	5979
DB08911	5604	5605
DB08912	673	5894	150094	79858	3984
DB08916	1956	2064	2066
DB09061	1268	1269	2835	2741	2743	8001	2841	9290	3350	3356	1139	4985	4988	5468	7442	8913	8912	8911	8989	79054	51393	162514	59341	7416	3359	134	5742	5743	38	1586	3156	2936	2876	3620	1545	1728	847	1577	1565	6647	1544	1551	27163
DB09073	1019	1021
DB09074	142	10038	10039
DB09078	2321	3791	2324	2260	2263	2261	2264	5156	5979	3815
DB09079	2321	3791	2324	5156	5159	2260	2263	2261	2322	3932	4067	6714
DB09327	1806	7298
DB11064	5241	367	2099
DB11254	7150	7052	7299
DB11652	2064	2065
DB11689	5604	5605
DB11730	1019	1021
DB11760	142	10038
DB11793	142	10038
DB11901	367	2554	2555	2556	2557	2558	2559	2560	2561	2562	2563	2564	2565	2566	2567	2568	55879
DB11952	5294	5293
DB11986	4914	4915	4916	6098	3717	10188
DB12001	1019	1021
DB12141	2322	3350	3351	3352	3354	3355	3356	3357	3358	3359	9177	170572	200909	285242	3360	3362	3363	558	238
DB12147	2260	2263	2261	2264	1436	5156	5159	3815	3791
DB12267	238	1956	25	3480	2322	3643	4233	2066	2064
DB12332	142	10038	10039
DB12941	367	5241
DB12978	1436	3815	2322	5159
DB13146	6510	9056	84889	2902	2903	2904	2905	2906	116443	116444	2890	2891	2892	2893
DB13751	3290	7124	836	4791	4790	4023
DB13943	367	2099	4306
DB13944	367	2099	4306
DB13985	6752	6751	6753	6754	6755
DB14001	266629	23541	8856	5579	240	5578	1606	1607	8527	8526	160851	1608	9162	139189	1609	8525
DB14002	266629	23541	8856	5579	240	5578
DB14723	4914	4915	4916
DB14840	3815	5159	7010	3791	673	5156
DB15494	6752	6755	6753	6751
DB15685	5979	2321	2324	2260	2263	2261
DB15690	2099	2100
DB15822	5979	780	4916	2322	3716	3717	4914	3791	5159	2260	2263
